123
423
412
616
340
301
619
269
472
122
148
394
410
531
459
251
631
528
473
372
505
34
236
133
349
350
593
13
419
495
621
343
381
380
295
367
608
112
440
551
402
288
538
60
56
151
391
598
450
223
89
330
143
376
506
46
12
534
141
203
145
139
555
160
104
629
224
368
575
7
483
428
427
142
74
36
28
177
566
421
109
512
584
229
458
275
195
347
80
535
4
256
259
396
267
319
568
399
292
47
617
235
90
557
409
187
497
478
596
328
11
290
131
320
137
27
464
159
192
163
322
552
496
95
81
492
447
579
297
118
361
116
78
8
302
102
581
0
586
597
208
86
190
600
110
467
6
276
211
249
407
484
9
286
305
369
176
207
105
285
353
279
184
514
544
481
21
125
390
193
14
607
268
172
29
556
175
298
287
357
329
220
614
3
69
312
174
134
345
100
633
35
150
476
19
202
37
71
576
250
48
167
232
594
201
384
308
363
336
490
352
185
221
230
385
485
24
210
487
393
1
468
88
318
358
405
488
262
265
231
403
553
289
198
277
570
52
590
434
332
471
57
446
225
348
82
378
354
257
432
245
168
54
549
43
303
588
113
263
278
486
433
111
83
331
205
44
238
392
509
453
215
119
521
388
610
33
401
304
565
108
634
605
539
448
140
59
406
465
70
68
623
466
152
284
147
628
561
541
271
545
382
627
101
592
216
578
530
537
65
475
73
162
307
404
138
365
186
246
504
615
264
364
550
189
606
135
499
217
291
146
244
296
626
272
164
124
226
161
595
199
470
426
49
247
480
377
494
261
121
420
524
572
92
517
456
165
240
41
106
533
316
542
17
583
260
413
23
317
609
194
337
321
309
502
554
452
564
170
577
144
117
188
425
546
218
324
632
311
243
241
599
85
282
200
171
314
585
97
306
84
622
315
310
613
323
22
155
270
45
462
274
560
442
64
602
604
389
435
61
398
508
418
569
16
180
62
580
529
32
77
132
386
445
441
417
294
547
40
479
415
212
454
93
451
204
582
126
501
79
325
455
532
360
424
371
258
169
370
520
395
518
457
5
66
178
511
248
620
422
387
26
571
429
157
58
344
300
342
96
630
397
414
510
443
493
333
498
228
618
559
507
558
335
612
591
519
500
461
444
516
327
87
242
136
214
38
430
181
